246
92
86
925
3
159
903
262
907
709
817
381
309
969
276
409
880
294
80
226
635
717
770
145
466
290
547
927
310
877
218
578
340
194
600
834
832
455
420
407
659
455
601
965
60
981
899
509
267
455
202
820
642
904
824
450
439
638
131
443
645
723
18
273
326
374
417
230
477
57
389
658
566
260
449
974
70
992
795
179
792
166
694
64
544
468
826
670
925
896
282
970
573
227
340
454
425
956
136
654
313
155
562
915
200
779
483
639
245
511
884
352
225
660
115
28
234
370
635
764
476
400
850
20
782
968
173
192
880
743
668
503
855
13
990
676
732
788
997
566
821
33
261
271
496
209
727
268
164
786
889
196
107
564
437
568
407
460
871
30
573
183
273
148
277
683
774
628
782
798
673
350
703
167
659
499
263
871
9
218
147
791
810
79
982
680
145
10
970
504
903
21
695
181
837
656
170
79
145
827
855
605
517
557
542
68
723
35
615
523
562
273
191
616
203
972
446
788
209
657
671
982
737
519
764
786
365
651
241
320
430
54
619
356
488
748
660
953
759
24
147
66
61
39
354
482
724
465
266
11
758
482
990
15
143
165
342
732
557
977
809
110
778
502
136
659
835
191
247
175
111
442
575
293
752
125
455
600
387
293
418
481
388
361
104
298
751
816
507
392
696
70
718
390
861
444
118
665
393
259
634
291
994
129
657
369
587
574
405
830
76
82
856
198
552
918
596
519
753
393
470
838
723
641
207
57
830
191
163
129
727
708
386
355
672
681
269
217
9
258
173
723
300
887
441
572
827
404
334
601
139
309
455
449
213
933
156
305
554
620
939
333
329
483
112
714
805
532
93
972
505
217
551
54
926
3
616
560
381
730
569
438
717
188
814
105
674
916
30
696
372
459
627
970
227
984
266
44
296
83
193
521
215
308
961
913
632
245
968
942
129
786
646
271
578
200
115
739
123
832
680
614
418
971
733
741
268
480
920
234
383
13
921
370
416
236
535
558
286
872
882
551
632
435
864
245
367
351
683
948
740
704
430
381
806
562
292
686
307
520
940
264
756
421
334
511
67
320
866
464
752
302
310
147
699
536
40
121
644
648
849
664
483
969
201
764
803
864
642
69
643
895
975
752
637
795
631
463
804
14
